  File: /data/mephi-web
  Size: 4096      	Blocks: 8          IO Block: 4096   directory
Device: 8,0	Inode: 2           Links: 3
Access: (2775/drwxrwsr-x)  Uid: ( 1001/mephi-admin)   Gid: ( 1002/mephi-devs)
Context: system_u:object_r:httpd_sys_content_t:s0
Access: 2026-04-24 15:00:30.195003743 +0400
Modify: 2026-04-24 15:29:04.688013400 +0400
Change: 2026-04-24 15:29:04.688013400 +0400
 Birth: 2026-04-24 14:44:04.000000000 +0400
